3.201225 0.628079 2.092259 1.766783 2.105542 -0.236774 0.109556 1.847101 0.677887 0.047031 0.090688 0.013754 
2.895602 0.333211 0.775446 2.372141 3.640913 1.032266 0.350743 0.667810 1.417500 0.400523 0.228981 0.046530 
3.020923 1.248277 1.366032 0.669420 -0.322692 -0.669823 0.675462 0.943218 1.160714 0.324220 0.212521 0.035483 
4.176862 2.028463 0.251566 -1.649005 -1.239120 -0.114938 1.726256 1.530681 1.249836 0.564261 0.258324 0.024767 
3.385146 1.344125 0.643108 0.011876 1.351405 1.022832 1.352788 0.795265 1.147881 0.751542 0.437709 0.059911 
3.147438 1.652149 1.508521 0.453612 0.774432 0.648971 1.912140 1.392124 1.197885 0.541160 0.399240 0.057595 
2.540258 1.989273 2.333958 1.495172 1.834298 1.092230 1.432217 0.740972 1.268988 0.548616 0.417677 0.084075 
2.457035 1.848081 2.295249 1.347631 2.153903 1.053167 1.971305 1.167191 1.054939 0.493568 0.384635 0.089552 
4.166558 1.361395 0.812458 -0.834220 -0.186022 -0.286719 0.642541 0.427762 -0.072214 -0.103605 -0.228016 -0.134584 
4.243321 1.378656 0.583542 -1.123271 -0.306479 -0.535897 -0.035779 -0.168156 -0.708768 -0.825916 -0.356381 -0.111243 
2.964887 1.329643 1.396060 0.249432 -1.325597 0.279670 1.545664 0.099545 0.897757 0.669185 0.252230 0.025712 
4.129327 0.948555 1.184457 -1.469358 -1.155330 -0.576884 1.300981 0.215969 -0.728593 0.022381 -0.304297 -0.179650 
3.313268 2.324929 2.004213 1.256871 1.465962 1.187001 1.322707 0.144871 0.096326 0.059149 0.310755 0.065876 
4.163887 2.718346 2.058451 0.663499 1.299680 0.844953 0.288957 -0.372762 -0.711004 -0.530683 0.100648 0.036362 
4.269361 1.842909 1.405968 0.138347 0.341163 -1.323226 -1.316259 -0.725341 -0.840008 -0.775064 -0.194232 -0.038053 
4.022984 1.431082 2.105885 -0.947258 -0.280091 -0.479455 -0.640036 -0.923315 -1.762001 -0.949260 -0.079188 -0.045668 
2.796041 1.997183 2.051344 1.072571 1.362171 0.464996 0.858015 0.387225 0.821587 0.437613 0.374367 0.076383 
2.994714 1.869058 1.898010 0.892856 1.191956 0.367432 1.088969 1.023031 1.417673 0.844652 0.474227 0.080523 
3.146883 1.519476 0.991517 0.612786 2.008319 1.661525 1.440895 0.327648 0.679921 0.457858 0.378635 0.084281 
2.933577 1.296246 1.731225 0.704867 0.862716 2.088649 2.269695 0.068422 1.002789 0.864464 0.366345 0.070174 
2.777067 2.025632 1.851160 1.445025 1.604792 1.286610 1.215218 0.819756 0.700392 0.443263 0.328865 0.065103 
2.791881 2.100484 1.965199 1.662308 1.824165 1.610543 1.491044 1.109815 0.925062 0.594421 0.394285 0.080050 
2.983851 1.940196 1.540071 1.349406 2.047380 1.904624 1.515416 0.727093 0.701228 0.608654 0.475213 0.090043 
3.004417 1.936797 1.575576 1.356723 2.120913 2.122716 1.912020 1.130829 0.853107 0.541082 0.431910 0.098313 
3.325016 1.481567 0.978823 0.737500 2.388687 1.839937 1.790457 0.995264 1.142126 0.650586 0.426403 0.082777 
3.149490 1.709734 1.297737 0.844115 2.472716 2.283598 2.133731 0.608565 0.826654 0.598044 0.516693 0.121992 
2.939392 1.791164 1.521749 0.803920 1.533005 1.573383 1.970705 0.959396 0.619438 0.207122 0.309133 0.075001 
2.798460 1.772710 1.709643 0.757229 1.962871 1.999360 2.703867 1.277220 0.821548 0.164636 0.309982 0.094166 
3.828372 0.611093 0.675000 -1.669244 1.659817 1.298064 1.685905 1.266897 -0.644849 -0.304149 -0.292379 -0.122756 
3.726137 1.401013 0.759195 -0.679156 1.442228 1.584239 2.387440 2.346348 0.583550 -0.053999 -0.157180 -0.069365 
3.524207 0.994090 0.150035 0.039946 2.440939 3.003786 2.478515 1.164119 -0.055576 -0.166928 0.068783 0.066062 
3.664123 0.107711 0.193844 0.081887 2.749978 2.345133 3.456116 1.329397 -1.304412 0.086993 -0.005568 0.020218 
