26,2,1,26,26,25,25,25,10,25,1,20,31,27,26,23,24,12,15,15,15,30,31,28,28,28,28,31,27,27,27,19,19,18,17,19,19,19,20,19,20,23,26,26,25,25,25,10,25,9,9,10,25,25,25,25,25,25,25,25,
10,25,25,2,11,13,11,25,25,25,25,25,25,25,1,9,2,25,25,26,25,25,20,20,20,20,29,29,29,2,30,30,28,28,28,28,28,28,28,27,27,28,18,19,19,18,20,19,19,20,26,26,10,25,25,11,25,25,25,25,2,25,10,9,25,
15,26,25,25,25,25,9,10,26,25,25,25,25,25,25,26,11,26,26,26,2,2,2,2,24,15,24,30,30,30,30,30,27,27,3,3,19,17,17,19,19,19,20,18,19,20,23,25,26,10,26,25,21,10,10,25,10,25,
12,25,21,2,10,25,25,25,26,25,1,9,1,25,2,25,26,12,2,24,24,12,23,15,30,27,28,31,27,27,27,3,3,19,19,19,18,17,19,17,19,19,19,19,25,10,25,25,26,9,25,25,25,25,26,25,26,25,25,25,
25,25,26,26,25,25,25,26,25,25,11,25,12,26,10,12,25,23,19,23,20,15,15,15,30,30,30,28,28,27,27,25,19,19,18,19,17,31,20,19,19,2,19,10,11,25,25,25,25,25,25,11,22,10,25,25,25,25,25,9,25,
1,25,26,10,9,25,26,25,26,11,9,25,10,10,26,25,25,10,25,25,10,26,25,25,10,25,26,26,23,21,23,24,24,15,30,30,28,32,27,27,27,27,3,28,19,19,19,20,20,19,19,19,29,19,25,25,25,25,25,26,25,26,26,1,10,9,25,
25,26,2,26,25,25,26,25,25,26,25,25,10,10,26,26,25,26,9,29,20,19,15,15,15,15,15,30,27,28,28,27,27,3,19,19,19,19,19,20,26,19,20,10,23,11,11,26,11,25,25,25,2,1,2,25,26,10,
25,26,10,10,25,9,11,26,25,11,26,25,25,26,10,25,10,26,11,11,25,11,20,19,23,15,15,15,15,30,28,28,28,28,28,28,27,3,19,19,19,19,19,20,19,19,23,10,26,11,23,11,26,26,26,2,25,26,25,9,10,23,11,25,25,11,25,25,25,
25,12,12,12,12,12,10,25,25,25,11,11,12,12,25,20,29,29,12,15,15,15,30,30,30,30,30,27,27,25,19,19,19,19,19,18,19,17,19,17,19,12,19,19,23,9,12,11,26,10,10,9,
25,10,25,25,10,25,25,10,25,26,15,25,10,25,9,25,2,25,23,29,20,12,15,15,30,30,30,30,30,27,27,27,27,25,19,19,19,19,19,20,19,19,20,10,10,11,21,25,10,25,25,25,25,25,26,25,25,25,
25,25,25,10,25,25,25,25,1,1,25,25,25,9,25,11,25,25,25,26,25,19,20,15,15,15,15,15,30,30,30,30,28,27,27,27,3,19,19,19,19,19,20,19,19,19,19,25,31,10,25,25,25,11,25,11,25,10,9,25,25,
25,10,25,26,10,25,10,10,10,10,25,25,10,25,10,11,25,25,25,10,10,23,19,23,15,15,30,30,30,30,30,30,28,27,27,27,9,19,19,19,19,19,20,19,19,19,10,10,21,10,25,10,26,25,25,25,25,9,9,9,25,9,25,10,25,25,26,25,25,
11,25,25,2,25,9,25,25,10,25,25,25,15,26,26,25,25,9,9,25,25,10,1,26,29,29,15,15,15,15,30,30,30,30,27,27,27,27,27,19,19,19,19,22,20,19,19,20,19,23,25,12,10,10,25,11,26,25,25,10,25,
1,10,26,25,25,11,25,11,25,26,25,10,25,10,25,26,10,10,25,9,25,10,15,20,24,15,15,30,30,30,30,30,27,27,27,27,25,19,19,19,19,19,20,19,19,23,26,19,21,10,9,2,25,9,9,25,10,25,25,25,9,26,9,25,9,25,25,26,26,26,23,26,
15,25,25,25,25,10,26,25,26,9,26,25,25,25,25,26,29,29,15,20,29,15,30,30,30,30,29,30,30,30,30,31,19,19,19,19,19,19,19,19,19,21,23,25,10,2,25,9,25,25,25,11,
25,25,25,1,25,9,25,25,25,9,25,25,26,25,9,1,11,25,9,9,9,9,9,9,23,29,2,26,24,29,30,30,30,30,27,27,27,27,27,10,19,19,19,19,19,20,19,20,19,10,25,26,12,23,26,25,25,26,25,25,
1,9,9,1,25,25,25,25,25,10,10,26,9,25,10,26,10,12,10,26,23,27,20,26,15,30,30,30,30,30,30,30,27,27,27,19,19,19,19,19,20,19,19,19,10,10,21,26,10,25,25,25,2,2,10,26,26,10,26,26,
25,25,25,25,26,25,25,25,11,26,10,9,12,25,25,25,11,10,25,10,25,10,23,29,15,15,26,29,30,30,27,27,27,27,28,27,27,19,19,19,19,20,20,19,20,23,26,29,22,23,23,25,10,25,10,10,11,25,10,10,26,26,10,
25,25,25,11,25,25,25,25,9,9,25,25,25,1,25,25,23,25,9,10,25,25,25,26,29,26,2,15,15,30,30,30,30,30,30,30,27,3,3,19,19,19,19,26,20,19,20,25,10,25,21,11,26,10,26,11,10,25,25,25,10,26,9,9,9,
25,9,9,9,9,9,9,9,9,9,9,9,9,17,9,9,9,9,17,9,9,19,19,2,15,30,30,30,30,30,27,27,27,27,19,10,9,19,19,19,20,19,20,20,12,10,9,9,12,21,19,25,9,9,2,25,2,10,25,25,25,25,25,10,26,25,25,
