2,2,11,26,23,25,12,12,10,23,23,23,19,23,24,12,12,11,24,24,24,24,13,13,15,15,15,21,23,12,19,20,20,19,20,20,17,17,7,8,8,7,7,7,8,5,5,5,1,3,21,21,21,23,23,24,23,23,23,26,24,12,11,11,11,11,26,12,12,12,24,11,24,26,11,9,11,23,23,11,23,23,12,21,10,23,
12,24,10,24,12,12,2,11,12,12,23,23,23,12,24,23,11,12,24,24,23,23,25,12,11,23,12,23,19,2,23,23,23,19,12,12,19,20,20,20,20,19,19,17,7,7,7,7,7,7,5,5,5,1,25,1,25,25,15,29,20,23,23,20,20,23,24,23,24,23,23,12,24,12,23,12,24,24,2,2,1,2,12,24,2,24,12,24,24,24,23,24,
23,19,12,12,12,2,2,10,21,9,12,23,21,10,11,24,21,11,2,10,12,11,14,24,24,22,22,22,22,24,10,19,19,19,20,20,20,20,19,19,17,7,8,7,7,7,6,5,3,5,9,1,10,25,23,23,2,11,23,24,23,23,23,11,12,24,12,24,24,24,23,23,12,24,23,12,12,12,23,12,23,19,10,12,10,11,23,24,26,12,
23,12,23,12,23,24,23,23,23,11,12,11,10,12,15,12,12,12,11,11,24,12,23,23,20,20,20,20,20,20,20,17,17,7,7,7,7,7,7,5,5,1,1,9,9,25,25,29,20,23,24,23,23,23,23,23,23,12,24,12,11,24,23,23,23,23,24,24,24,10,11,22,22,22,12,23,21,22,24,23,2,2,2,23,24,24,2,24,11,11,11,11,11,
11,12,24,24,10,9,11,1,11,12,23,12,19,23,23,24,23,23,25,24,19,20,20,19,20,19,19,17,7,7,7,7,7,5,5,1,9,25,25,25,25,25,25,15,23,15,12,23,23,24,10,23,11,24,12,2,23,9,26,12,11,26,17,11,24,12,24,20,23,23,11,
11,23,24,12,24,12,24,11,12,15,10,12,26,24,24,12,24,23,24,11,24,24,24,24,24,24,24,9,2,2,20,20,20,20,20,20,20,19,17,17,7,7,7,7,5,5,5,5,25,25,25,25,19,20,20,23,23,23,23,24,23,23,24,12,12,11,23,23,24,24,24,25,12,26,9,9,23,23,2,2,9,2,23,23,23,23,23,23,24,23,23,23,23,24,24,
9,2,26,12,24,2,12,11,11,11,12,12,12,12,12,11,11,11,12,24,11,11,11,12,11,23,11,24,11,12,23,23,23,11,19,20,20,20,20,19,17,17,17,7,7,7,7,5,1,1,1,25,25,25,15,29,29,15,15,23,23,23,15,24,15,15,12,2,12,12,12,12,12,9,12,12,12,12,12,12,12,12,12,23,23,24,15,2,2,12,23,24,12,12,
12,12,12,12,12,23,9,23,24,24,23,23,21,12,24,24,15,24,29,23,25,2,2,2,2,2,11,2,11,11,11,24,11,23,24,23,23,11,12,12,12,23,19,20,20,20,19,17,17,7,7,7,7,7,5,5,5,1,25,25,25,25,23,23,22,22,22,22,22,22,22,22,22,22,22,22,22,22,22,22,22,21,22,22,22,22,22,22,22,22,22,22,22,22,22,21,
11,22,22,22,22,22,22,22,22,22,22,22,22,22,22,22,22,22,9,22,22,22,22,22,22,22,22,22,22,22,22,22,22,22,22,22,20,20,20,20,22,20,20,19,17,7,7,7,7,7,5,5,5,25,1,25,25,25,25,25,25,12,24,24,23,12,23,2,2,1,11,12,23,11,11,12,23,23,12,24,24,12,23,24,23,24,12,12,23,24,2,24,11,24,12,23,
22,22,22,9,22,22,22,22,22,22,22,22,22,22,22,22,22,22,22,22,22,22,22,22,22,22,22,22,22,23,13,22,23,22,26,22,22,22,23,21,9,23,23,19,20,20,19,19,19,17,7,7,7,7,7,7,5,5,25,25,25,23,23,23,15,23,23,11,24,24,24,23,23,19,21,21,23,
23,26,23,26,23,24,23,23,23,11,24,24,24,11,12,11,25,23,23,20,20,20,20,20,17,17,7,8,7,7,5,5,5,25,25,25,26,26,23,15,26,23,26,26,11,23,11,11,23,11,11,26,19,11,23,23,23,26,23,23,24,23,23,12,
23,16,24,23,23,2,2,1,21,21,23,11,1,19,20,20,20,20,20,17,17,7,7,8,5,5,3,3,25,25,25,19,23,20,20,24,23,23,23,24,24,24,23,11,24,23,12,24,12,11,23,25,26,23,11,23,9,2,11,26,23,
12,12,23,23,2,24,23,24,12,12,24,20,20,23,23,20,19,20,20,20,20,20,17,17,7,7,7,5,5,5,25,25,23,23,23,11,23,23,20,20,23,24,23,23,23,23,11,11,23,26,12,9,2,9,25,10,26,23,23,
11,24,23,11,24,24,23,12,2,1,1,1,11,11,11,23,23,11,23,12,12,24,23,24,24,24,23,20,20,20,20,20,20,20,20,17,17,7,7,7,7,5,5,5,25,15,15,23,23,15,15,15,15,15,15,25,25,23,12,2,23,23,23,12,23,26,23,24,24,24,24,12,12,12,23,23,24,23,
23,10,2,1,1,1,11,11,12,12,24,24,24,26,23,20,20,20,20,20,19,17,7,7,7,7,7,7,7,7,7,7,5,16,9,19,23,19,20,20,20,23,23,23,23,11,23,24,24,24,23,23,24,23,23,23,24,23,23,23,23,23,
23,1,1,21,11,23,23,23,20,20,20,20,20,20,19,19,17,7,7,7,7,5,1,2,11,23,23,23,23,23,24,24,23,24,23,23,23,12,24,23,23,23,23,24,24,24,24,23,23,12,
23,23,12,24,12,25,23,23,23,23,23,23,23,24,24,24,23,23,23,23,23,23,23,23,19,20,20,20,20,20,20,20,20,19,17,17,7,7,7,5,5,25,11,23,23,23,20,15,23,23,23,23,24,23,23,12,23,23,12,12,23,23,23,23,24,23,23,12,23,23,24,12,12,24,23,23,23,12,
24,23,11,24,24,24,24,24,24,24,24,23,23,23,24,10,23,12,24,2,1,1,11,19,20,20,20,20,20,17,7,7,7,5,5,1,25,9,9,19,19,15,15,23,23,23,23,23,23,23,23,23,23,12,11,23,12,23,23,24,23,24,23,
15,24,2,1,1,1,11,11,23,24,24,12,24,24,24,24,12,12,24,24,24,11,23,23,11,23,23,20,20,20,20,20,20,20,19,17,17,7,7,7,7,5,5,5,5,25,23,23,20,23,23,20,20,20,23,24,23,23,23,22,22,11,24,24,23,24,24,24,12,23,23,23,24,10,12,12,24,23,24,24,24,12,12,12,23,
22,22,22,22,22,22,22,22,22,22,22,22,22,12,11,22,22,22,23,11,22,11,22,22,12,11,20,20,20,20,20,19,17,17,7,7,7,7,7,7,7,6,6,5,10,11,11,11,23,24,20,21,11,21,1,9,11,1,6,1,6,1,1,9,11,11,9,11,11,11,22,
