23,23,12,25,23,23,12,24,12,12,12,23,10,12,11,11,11,11,12,11,12,12,12,12,24,16,11,19,18,18,19,19,18,18,20,19,20,20,19,20,12,12,12,23,26,29,12,12,12,12,12,12,23,10,12,12,29,29,12,29,12,12,23,32,12,29,23,23,23,12,
23,24,24,26,23,24,24,23,23,5,9,10,23,23,11,23,23,12,23,23,24,12,24,1,11,18,18,18,18,18,18,18,17,17,18,19,19,18,20,20,23,23,23,23,24,23,23,11,24,23,24,23,23,11,11,10,11,23,23,24,23,23,23,23,
12,12,24,23,24,12,24,11,23,23,24,23,24,23,5,9,9,11,12,2,2,2,1,2,11,23,23,23,10,11,18,18,18,18,18,17,17,18,20,19,19,19,19,23,24,23,23,23,23,24,12,12,24,24,23,23,24,12,23,23,12,12,11,11,
2,1,1,1,2,24,12,11,12,23,23,11,23,23,23,23,11,24,24,11,12,23,23,23,1,18,18,18,18,18,19,19,17,18,17,20,20,20,23,19,24,12,12,23,27,26,24,23,23,12,2,2,24,2,12,23,23,23,24,24,23,23,
23,23,24,24,23,24,24,11,14,1,24,24,24,12,24,23,23,23,26,10,19,18,18,18,18,18,20,20,20,20,20,20,20,20,20,20,24,12,12,24,23,23,24,23,24,24,24,23,24,23,
29,29,30,29,23,23,12,29,29,12,22,12,12,12,15,12,12,10,12,12,12,12,23,12,12,11,15,12,23,11,12,23,11,10,23,19,20,18,18,19,19,19,20,18,20,20,20,20,20,20,20,20,12,12,2,1,25,26,11,11,11,11,25,9,11,11,11,10,11,23,11,11,11,11,11,23,10,11,9,
12,12,19,12,12,12,9,9,12,12,12,19,29,20,12,12,12,12,12,12,12,12,12,12,12,12,10,12,10,12,11,19,17,18,19,18,18,18,18,18,18,18,18,18,18,20,17,18,17,19,18,19,10,12,12,12,12,12,24,23,23,12,12,12,
24,12,12,12,26,12,23,23,24,23,12,23,23,2,26,9,24,12,24,23,23,23,12,11,18,18,18,18,18,18,20,20,20,20,20,20,19,20,20,24,23,23,12,12,23,12,12,12,23,23,
22,22,22,22,22,22,12,12,11,23,23,23,10,24,12,12,24,23,23,12,26,10,18,18,18,18,18,18,18,20,19,19,20,20,20,19,20,20,12,22,24,2,1,1,11,11,12,11,23,23,23,23,24,23,24,23,12,12,
23,23,12,12,26,10,12,12,11,23,24,12,24,24,10,23,12,12,12,11,12,12,12,26,11,23,20,12,12,10,19,12,24,23,24,11,23,24,24,12,24,12,10,12,12,24,11,18,19,19,18,19,19,20,20,20,20,20,20,20,20,20,20,19,23,23,23,12,22,21,12,23,11,12,10,12,23,23,23,12,10,24,10,23,12,24,12,11,23,12,23,23,23,12,11,12,26,9,2,11,23,23,21,11,23,11,11,11,10,10,11,12,11,10,10,26,10,23,12,12,
11,25,11,11,11,11,10,23,11,10,2,11,11,2,1,1,12,10,11,12,12,10,1,11,11,11,11,11,18,18,18,19,20,20,19,19,17,17,17,19,20,20,20,20,20,20,20,20,18,20,20,20,23,24,26,26,24,24,24,11,12,12,23,9,9,11,23,23,24,12,24,10,23,12,11,10,23,11,12,11,24,11,23,9,22,23,23,
23,23,23,23,24,24,23,23,1,1,11,2,24,11,26,11,2,10,12,9,9,19,23,23,2,12,12,12,12,29,10,21,22,21,17,17,17,17,17,17,19,20,20,20,19,20,23,20,19,12,23,20,24,23,23,23,24,11,2,2,11,12,12,12,23,24,11,23,12,10,12,12,12,12,12,12,11,12,11,12,12,
11,9,23,11,9,11,23,12,11,10,12,22,23,23,12,10,23,12,12,25,10,11,12,12,9,10,11,12,12,12,11,12,12,23,10,11,19,17,19,18,18,19,18,20,20,20,20,20,20,23,23,20,22,20,12,12,26,24,12,26,23,12,23,23,11,23,24,12,10,12,23,23,12,23,
23,11,23,12,11,11,11,11,12,9,2,2,11,11,15,12,12,11,24,1,16,1,11,11,11,12,11,12,23,11,25,11,19,17,19,19,17,18,19,19,20,20,20,20,20,20,23,23,22,24,24,26,23,2,24,2,2,2,2,1,1,1,9,11,11,23,11,10,23,23,11,12,12,12,
9,11,12,11,12,23,11,23,12,12,23,11,11,11,21,10,12,12,12,12,10,9,9,11,2,23,12,11,10,9,9,11,10,23,12,10,10,10,10,12,22,19,18,18,19,19,17,17,19,20,20,20,20,20,19,20,23,22,21,24,12,12,23,23,23,12,23,11,11,24,11,11,12,23,12,15,12,24,11,11,10,11,12,12,10,23,12,10,10,
12,12,2,11,11,12,11,12,23,12,12,23,16,22,21,21,9,1,11,23,12,25,12,23,12,12,23,12,23,23,24,23,19,17,17,19,19,18,19,20,20,20,20,20,20,20,20,20,23,21,23,23,12,12,23,23,23,23,12,24,11,11,
11,1,1,1,11,11,24,26,11,23,23,11,24,12,23,12,25,11,11,11,10,12,12,23,25,10,16,26,26,26,23,23,15,15,12,23,11,11,24,10,9,23,19,17,19,18,17,17,17,17,18,18,20,20,20,20,19,20,23,12,22,24,20,23,12,12,12,10,23,23,12,11,23,23,23,23,2,9,9,25,11,10,25,24,23,
24,23,24,24,24,24,24,11,23,23,24,12,10,2,23,24,15,24,23,24,24,23,23,23,11,24,23,23,24,24,12,23,23,24,24,10,19,19,20,19,19,19,17,19,19,20,20,20,20,23,20,24,24,23,24,24,11,24,26,23,23,11,23,1,1,11,1,21,10,10,24,24,23,23,22,10,24,12,10,10,11,10,23,25,11,
12,24,12,24,12,24,2,24,11,12,12,10,24,10,12,12,9,9,9,12,23,12,1,1,2,9,12,24,24,11,24,12,24,24,10,11,17,17,19,18,20,19,18,20,19,19,23,20,23,24,20,23,11,23,9,12,23,12,12,25,12,19,19,11,19,12,23,12,2,12,12,11,10,2,23,11,11,12,26,12,11,12,11,12,24,24,12,
11,12,1,1,10,11,11,23,11,11,21,21,21,21,24,22,11,23,24,24,12,24,12,11,11,12,12,23,11,25,10,17,17,18,18,19,19,19,20,20,20,23,23,23,24,29,24,23,23,23,24,26,2,2,
