24,24,23,24,24,24,22,10,24,23,24,23,23,10,1,1,1,1,12,27,27,31,28,28,30,30,30,30,30,30,30,29,23,23,29,29,29,29,29,29,23,24,12,24,12,23,23,23,24,24,24,11,11,
24,24,2,26,24,24,24,11,26,11,2,11,11,24,24,11,24,23,23,24,11,11,25,1,2,24,10,9,21,21,21,22,21,23,30,30,29,30,30,30,30,30,30,30,29,30,30,30,29,29,29,20,26,29,24,26,24,24,24,29,23,23,24,24,2,26,11,24,24,11,11,
23,20,23,24,10,1,21,11,25,26,31,31,29,29,29,30,29,29,29,29,29,29,29,29,29,29,23,23,26,24,10,24,24,24,23,
11,21,23,11,2,24,25,2,15,24,24,23,23,11,11,2,2,1,25,1,11,2,14,15,15,15,23,23,2,9,1,1,10,12,12,27,27,27,28,28,30,30,29,29,29,29,29,29,20,20,23,23,23,23,23,11,12,26,10,
2,23,26,11,23,11,11,11,21,21,21,11,24,21,11,24,26,1,21,21,24,26,23,25,24,24,21,21,19,14,10,22,12,26,27,28,28,30,30,30,30,30,30,30,30,30,30,29,29,29,15,26,26,2,26,2,26,2,2,2,2,26,2,2,11,11,2,24,
24,24,2,23,24,24,24,23,11,10,11,11,11,24,13,9,1,11,24,11,27,30,30,30,30,30,30,30,30,30,30,30,30,30,29,29,29,29,29,29,12,11,10,11,23,23,24,23,12,24,23,
24,23,23,24,26,24,24,2,23,24,24,23,23,24,24,24,24,24,24,1,2,24,26,9,13,1,12,11,25,27,30,30,30,30,30,30,32,32,29,29,23,29,29,29,29,23,23,23,24,24,24,24,24,24,24,24,24,23,23,
23,23,23,24,24,11,25,11,24,24,2,24,11,23,23,23,26,9,21,12,29,26,29,30,30,30,30,30,30,30,30,30,29,30,29,29,29,29,29,29,29,23,23,20,23,24,24,24,23,23,23,23,24,24,24,11,23,24,11,24,23,23,24,23,23,12,24,22,22,24,23,
23,23,24,12,24,23,11,23,10,11,26,2,1,1,2,11,26,23,23,23,23,24,23,23,9,1,21,21,10,10,10,2,2,2,2,30,29,30,29,29,29,29,23,2,24,26,11,1,2,11,11,11,23,11,21,21,2,2,2,11,11,1,2,2,11,12,10,24,11,11,23,2,10,11,11,
9,9,9,19,9,10,19,23,23,23,11,11,11,24,21,24,11,11,1,1,1,1,11,11,11,11,23,1,1,21,22,27,26,28,30,30,30,30,30,30,30,29,29,29,29,29,29,29,24,2,24,23,24,2,24,23,12,25,9,9,11,23,12,23,24,24,23,2,2,2,12,2,23,
23,10,23,23,12,24,24,23,24,23,23,24,24,24,10,23,23,24,12,24,23,23,24,23,23,24,24,24,2,2,1,1,13,1,21,22,26,27,27,30,30,30,30,30,30,29,32,29,29,29,29,29,20,23,29,24,24,23,23,23,23,12,24,12,23,12,12,23,24,11,11,24,24,24,10,23,11,9,23,2,2,2,11,24,12,
24,12,24,23,23,15,23,11,23,11,24,24,24,24,11,24,26,9,13,21,26,27,27,27,30,27,29,29,29,29,29,31,32,29,29,29,29,29,24,24,24,23,24,12,24,24,24,24,24,21,21,21,21,22,23,23,23,23,23,
24,24,24,24,11,24,24,24,26,24,24,24,23,23,24,24,23,23,24,23,23,24,24,24,13,1,1,1,10,19,9,26,27,27,30,29,30,31,31,31,29,29,20,29,29,29,29,29,24,24,24,24,24,24,24,23,23,23,23,24,23,23,23,23,11,24,24,24,23,23,12,23,24,24,24,24,24,24,24,23,12,23,23,
24,24,12,9,24,24,12,24,23,24,12,11,12,24,24,24,24,23,23,13,1,1,5,9,19,19,17,17,27,27,30,30,30,31,31,29,29,29,29,29,29,29,24,29,21,23,23,23,23,12,24,24,24,2,11,12,11,24,23,12,24,23,23,
23,24,24,23,23,24,11,30,29,30,30,26,24,24,24,23,23,23,20,13,21,1,15,12,26,27,27,27,30,30,30,30,30,29,29,29,29,20,20,29,29,20,23,23,23,24,24,24,23,23,24,23,23,23,23,23,
23,24,24,22,24,23,23,23,23,22,22,22,24,23,11,23,11,23,10,24,12,11,13,13,21,25,12,27,27,27,30,30,30,30,30,29,29,29,20,29,29,29,29,24,24,24,24,29,24,23,23,24,24,24,12,12,11,12,
21,23,21,21,21,21,24,24,25,13,1,1,24,24,27,27,30,30,30,30,30,29,30,29,30,29,29,23,20,23,24,23,23,26,29,24,24,23,24,24,24,
22,22,22,22,22,22,22,22,22,22,24,21,23,24,22,24,24,11,11,19,2,1,25,26,27,27,27,30,30,30,30,30,30,31,29,29,29,29,20,20,29,20,26,11,24,26,23,23,12,23,23,
11,11,11,23,11,23,23,2,2,1,1,10,23,23,23,12,24,24,24,24,11,23,23,23,23,13,1,1,25,26,27,27,27,27,27,30,30,30,31,29,29,29,29,20,23,23,29,24,24,24,24,24,11,12,12,12,12,12,12,9,12,2,2,23,24,29,12,23,24,23,23,11,2,23,11,23,24,24,
23,23,12,24,2,12,23,23,20,23,21,2,2,1,25,1,11,23,13,1,3,26,27,28,28,28,30,30,30,30,30,31,29,29,29,29,29,29,29,29,24,24,24,24,24,24,23,24,24,26,24,24,23,
