12,22,24,23,12,22,22,24,24,12,12,9,9,9,9,16,10,25,1,14,1,1,14,1,1,1,23,19,19,19,18,19,19,19,17,18,18,18,17,9,9,9,9,9,9,1,9,9,19,11,23,20,24,24,23,23,24,23,23,24,24,24,24,15,24,24,24,23,9,1,
12,24,24,11,24,24,24,24,24,24,24,24,24,24,24,26,23,12,24,24,24,12,24,24,24,26,23,10,12,2,26,9,1,14,13,19,19,18,17,18,19,19,17,17,17,17,17,17,19,19,19,10,19,19,15,19,23,23,12,23,12,12,11,26,24,12,24,11,23,24,12,24,23,24,24,12,23,24,24,12,23,
12,12,24,24,24,12,12,24,23,12,24,24,24,12,23,23,23,16,26,23,13,1,13,13,2,9,9,19,18,18,18,18,19,17,17,18,19,19,19,19,19,19,19,19,20,20,19,20,23,23,12,24,24,24,23,23,23,23,23,24,24,23,23,21,24,23,23,23,23,23,12,23,
2,2,24,23,12,24,24,24,24,23,24,24,23,24,24,23,23,23,24,24,24,23,23,1,1,1,13,2,13,19,19,18,18,19,9,9,9,17,17,17,19,9,17,19,19,19,19,19,19,19,2,10,23,20,12,23,24,24,12,25,26,29,26,12,12,12,24,24,12,15,24,12,12,24,12,2,
9,2,2,12,24,23,23,24,24,12,15,23,13,13,13,13,13,13,13,13,2,18,18,18,19,18,18,9,17,17,17,17,19,17,19,19,19,19,19,19,19,20,24,21,10,12,23,23,23,23,1,1,2,2,23,
24,24,24,24,22,23,24,24,24,24,23,12,24,24,23,24,24,23,23,24,12,24,23,12,12,11,24,24,12,23,23,23,23,11,24,24,12,23,12,24,23,23,24,19,9,9,9,7,7,7,5,16,5,16,9,20,18,17,18,17,17,9,9,17,17,17,17,19,19,23,19,19,17,19,15,19,20,23,20,23,24,23,23,23,23,12,11,23,11,24,12,23,24,10,1,1,1,21,11,9,23,23,23,11,
10,19,23,12,11,12,23,23,23,23,23,23,23,2,9,9,2,9,2,9,19,9,9,9,20,18,18,9,1,4,3,3,9,17,17,19,17,19,19,17,17,19,19,17,17,19,17,17,22,9,19,10,23,10,24,10,24,12,23,23,24,23,23,
15,15,20,2,23,26,19,13,9,13,9,10,13,9,9,7,19,17,17,9,6,5,5,1,3,3,17,17,17,17,17,17,19,17,19,17,17,17,17,17,19,19,19,23,24,23,19,23,24,24,23,12,24,24,24,12,12,24,1,1,11,2,
15,23,24,15,23,23,23,24,23,23,23,13,13,13,9,19,9,9,9,17,9,6,1,1,1,1,3,3,17,17,19,19,17,17,19,17,19,17,19,17,19,19,19,20,23,12,24,23,23,24,24,12,24,23,24,12,23,23,23,12,22,22,
24,23,23,23,23,23,23,20,23,10,2,13,9,25,13,9,13,9,19,17,17,9,17,17,17,17,17,17,17,17,19,19,19,19,17,17,19,17,15,26,2,24,24,23,23,23,23,24,23,23,12,12,23,12,11,12,12,12,23,24,24,19,23,23,12,24,24,12,12,
12,24,24,23,23,12,26,24,12,12,23,26,24,26,24,23,9,9,9,5,7,7,5,5,7,19,17,17,17,17,17,17,17,17,17,17,17,17,17,17,17,9,17,19,17,9,17,17,9,19,23,25,24,24,24,24,24,24,24,23,23,26,12,12,23,24,23,19,24,23,23,12,
24,24,24,24,24,23,23,24,23,23,24,24,24,24,9,17,9,9,6,9,9,9,9,9,9,17,17,19,17,9,9,17,17,17,17,17,17,17,17,17,17,17,17,17,19,19,19,12,12,23,23,23,23,23,23,23,24,24,24,23,15,23,24,24,24,12,23,23,12,
12,11,23,24,24,12,12,23,24,24,23,23,23,12,24,2,23,24,24,14,9,25,9,9,13,19,17,17,9,1,3,3,3,5,17,17,17,17,17,17,17,17,17,17,17,17,19,17,17,19,20,23,23,20,12,24,2,12,24,24,23,23,24,23,24,24,24,23,24,12,24,26,24,23,12,24,
24,24,24,23,2,19,19,23,29,24,2,26,23,17,19,9,7,9,10,9,2,1,9,19,18,9,1,1,1,1,9,17,17,17,17,17,17,17,17,17,17,17,17,17,17,19,23,19,23,19,23,24,23,23,24,24,
24,24,12,11,9,23,23,23,23,23,24,24,23,23,23,16,19,20,23,24,23,24,30,24,24,11,10,10,1,1,1,9,1,19,18,18,9,1,9,1,4,9,17,17,17,19,19,19,9,19,19,17,23,19,18,19,23,12,24,23,
9,9,9,25,9,2,1,1,1,9,24,23,24,12,24,12,12,23,10,9,9,9,9,13,13,9,9,9,9,9,19,17,17,17,17,17,17,17,17,17,17,19,19,19,19,19,19,19,20,20,20,12,24,12,23,23,2,25,23,12,23,24,24,24,12,24,2,23,23,
23,12,23,24,24,24,24,23,15,15,24,12,9,10,10,10,11,24,10,1,9,9,2,9,9,2,9,9,19,19,19,17,17,17,19,17,17,19,19,20,19,19,19,19,19,20,20,23,24,21,24,24,24,24,24,24,23,24,11,23,23,24,24,23,23,24,24,24,24,
23,23,23,12,24,23,13,13,2,24,2,23,23,23,23,24,2,15,12,2,13,9,9,13,9,9,19,17,17,17,17,17,17,19,19,17,19,19,19,19,20,20,19,20,19,20,24,24,21,24,12,24,24,23,24,11,24,24,24,24,12,24,11,24,12,24,24,24,24,24,24,24,
11,23,22,11,23,12,24,24,24,24,24,12,23,15,15,24,23,26,26,12,10,10,10,10,9,15,9,9,9,19,19,17,17,17,17,17,17,19,17,19,20,20,17,20,20,20,23,19,23,20,21,23,24,24,23,24,24,12,23,23,9,10,12,12,23,25,23,24,11,24,23,23,24,23,
22,24,23,23,24,22,22,22,10,11,23,23,19,13,13,9,13,5,9,13,9,19,17,17,17,17,17,17,17,17,17,19,19,19,19,19,19,19,12,20,19,23,23,23,1,1,11,23,11,24,9,23,24,23,23,
