24,23,23,24,24,24,24,12,24,24,12,23,12,23,23,23,23,24,11,1,1,1,1,1,21,1,17,7,7,8,8,8,8,8,8,5,3,27,27,27,31,19,27,27,27,26,21,21,23,11,21,1,1,11,1,11,11,12,12,19,12,10,11,10,25,24,24,12,24,24,24,
1,1,11,24,24,24,24,12,24,24,24,2,23,24,24,24,24,23,12,24,20,26,26,19,22,26,2,25,17,7,7,7,7,7,8,8,8,5,5,3,27,27,27,27,29,31,19,29,2,11,2,21,21,1,1,11,26,21,21,12,24,23,12,24,23,12,24,23,23,24,24,24,4,24,23,
24,23,24,23,24,24,24,23,23,12,2,1,23,15,23,23,24,24,24,12,21,21,25,21,21,21,2,17,8,8,8,8,8,8,8,8,8,4,4,28,27,27,27,27,27,27,27,27,27,25,23,1,23,2,15,24,2,23,24,9,10,2,23,23,24,24,24,24,23,23,24,23,23,12,24,24,
24,24,24,23,24,24,24,24,24,24,23,24,24,24,24,24,24,23,12,24,23,23,23,23,2,1,13,21,27,9,7,8,8,8,8,8,8,8,8,8,8,4,3,3,27,27,27,27,27,27,27,27,27,27,23,26,15,24,24,21,24,23,24,24,24,24,12,23,23,23,12,24,23,23,9,9,23,23,24,24,24,
26,24,23,23,26,23,23,24,26,26,16,16,25,11,23,11,24,25,1,1,25,1,25,17,7,7,8,8,8,8,8,8,8,8,5,3,27,27,27,27,27,27,27,27,27,11,25,24,26,26,26,26,24,24,15,24,24,23,23,23,24,24,24,2,23,23,12,12,12,
10,23,24,24,24,24,12,24,20,20,23,20,24,24,11,11,2,12,2,2,2,19,7,8,8,8,8,8,8,8,8,8,6,4,3,27,27,27,27,27,27,27,27,29,30,26,26,27,2,9,21,24,2,24,24,24,24,24,24,24,24,24,23,24,24,24,24,23,23,24,23,23,
24,24,24,24,24,24,12,26,24,24,23,12,24,23,24,24,23,23,9,1,21,2,2,2,1,25,9,7,7,7,7,8,8,8,8,8,6,6,5,3,27,27,27,27,27,27,27,27,26,26,26,26,26,26,26,12,24,24,24,12,24,11,24,24,24,24,23,26,1,1,2,11,
29,29,24,24,24,24,24,23,24,24,24,24,12,12,23,24,24,23,24,23,24,24,23,23,26,2,1,1,2,1,17,7,8,8,8,8,8,8,6,3,3,27,27,27,27,27,27,27,27,21,24,21,21,11,21,1,2,1,1,21,11,1,11,1,11,25,24,26,24,24,24,24,24,23,23,
24,24,23,2,1,1,24,24,24,24,24,23,23,12,24,11,11,11,11,1,1,1,1,9,7,7,7,8,6,8,6,6,3,4,27,27,27,27,27,27,27,27,27,26,26,21,26,24,23,24,26,24,24,9,9,10,23,23,26,11,23,24,23,24,23,23,23,11,12,
24,24,12,24,26,12,24,23,12,24,12,12,12,11,23,23,26,24,1,1,1,13,8,8,8,8,8,8,8,8,6,4,3,27,27,27,27,27,27,27,26,24,15,26,26,26,26,23,23,26,12,12,23,24,23,24,24,24,11,24,24,24,12,24,24,24,24,12,23,23,12,
24,24,23,12,12,23,24,24,12,24,24,12,24,12,23,1,1,2,13,1,17,8,8,8,8,8,8,8,4,4,16,27,27,27,27,27,27,27,15,26,24,14,2,14,14,21,1,1,10,11,23,23,23,23,24,24,24,24,11,24,15,
26,11,24,24,12,11,12,24,24,23,23,26,24,24,26,2,15,10,1,1,1,1,25,25,7,7,8,8,8,8,8,6,3,27,27,27,27,27,27,27,27,15,24,15,24,24,15,11,24,24,11,23,23,23,11,24,
24,24,24,23,23,24,24,24,23,23,24,24,23,23,15,23,24,13,25,1,14,1,7,8,8,8,8,6,4,4,27,27,27,27,27,27,26,27,15,24,15,24,11,24,24,24,14,14,11,26,2,11,11,11,26,11,23,26,26,23,11,26,11,
11,24,24,26,11,24,11,23,23,24,23,23,24,11,25,23,2,2,24,24,11,15,15,1,14,1,1,7,8,8,8,8,8,6,6,3,3,27,27,27,27,27,27,26,21,21,2,21,11,11,2,11,11,10,25,26,24,26,23,2,25,24,12,24,24,21,9,26,25,23,2,11,25,11,11,23,
23,21,9,21,25,23,11,26,23,10,12,24,24,11,11,23,23,11,11,24,26,26,23,23,26,24,26,11,2,11,23,23,23,23,24,23,11,1,1,1,1,17,7,8,8,8,8,8,8,4,3,3,27,27,27,27,27,27,27,24,15,15,26,26,15,11,26,2,25,10,26,26,25,26,23,24,11,26,26,23,23,12,11,24,24,23,23,
24,23,23,25,11,24,23,24,11,9,2,10,23,23,23,12,23,23,12,23,23,23,23,24,25,9,9,25,9,25,25,2,1,1,1,1,17,7,8,8,8,8,6,3,3,27,27,27,27,1,27,24,15,15,15,24,11,24,11,14,2,12,23,12,12,24,12,24,12,11,24,12,12,23,24,12,10,12,23,23,
12,24,23,12,23,23,23,23,23,24,12,12,24,23,24,11,15,1,1,1,1,17,8,8,8,8,8,8,8,6,6,3,3,3,27,27,25,11,15,23,23,24,24,24,11,11,1,2,24,11,24,23,23,23,23,23,23,11,23,24,24,24,23,23,23,
26,11,24,11,24,23,23,23,12,11,11,11,1,10,11,1,11,11,1,17,7,7,8,8,8,8,8,6,6,3,27,27,27,27,26,27,24,24,24,24,11,11,24,1,1,11,24,24,24,24,23,23,24,24,23,23,24,12,12,23,23,
12,24,24,23,23,12,24,24,24,24,24,23,24,23,24,24,23,24,23,2,21,11,11,1,1,17,7,8,8,8,8,6,6,6,3,28,27,27,27,27,27,27,15,15,11,15,11,24,23,11,11,11,11,11,11,23,11,24,24,24,23,23,23,23,23,23,24,
23,24,24,24,24,23,24,24,24,23,12,23,23,23,11,21,21,1,11,17,7,8,8,8,8,8,6,6,3,27,27,27,27,27,27,27,21,24,21,26,21,24,26,1,21,24,23,24,23,23,24,26,24,
