10,12,10,10,25,26,12,25,23,26,10,10,12,23,26,26,10,25,10,10,11,9,25,10,26,10,25,25,10,10,10,22,22,21,21,21,21,1,2,16,14,27,28,28,28,28,29,27,21,16,16,16,16,16,16,16,14,16,14,14,13,13,14,25,15,12,26,11,12,10,23,23,10,10,12,12,23,12,10,23,10,11,
23,26,10,26,12,10,10,26,23,26,23,12,10,10,10,10,26,23,10,11,26,26,12,10,2,2,2,14,14,14,16,16,20,28,28,28,28,28,28,28,27,1,16,16,16,16,16,16,16,16,16,16,15,16,16,15,11,10,12,10,10,10,10,11,23,11,25,10,11,10,10,10,25,10,9,25,10,10,10,
2,10,10,10,10,10,10,23,11,26,10,12,10,10,10,10,12,10,10,10,2,2,13,2,15,15,15,15,28,28,28,28,31,27,28,27,1,16,16,16,16,16,16,16,16,16,16,14,21,16,15,25,12,12,25,25,10,11,10,26,10,12,10,12,10,10,10,10,26,11,23,10,11,10,12,
10,23,25,10,12,10,12,25,10,12,10,10,26,10,10,10,10,2,2,14,14,14,16,14,13,15,28,28,28,28,28,28,27,27,30,16,16,16,16,16,16,16,16,16,16,16,16,16,25,16,25,1,11,10,19,23,25,10,12,10,10,10,25,10,23,25,10,10,10,10,26,25,25,10,10,
10,10,11,10,10,10,26,10,10,26,23,10,10,11,25,23,10,2,2,14,14,14,14,14,14,16,14,24,4,28,28,28,28,28,28,28,28,27,16,16,16,16,16,16,16,16,16,16,16,15,16,25,10,12,26,10,12,10,10,10,25,25,10,10,10,
25,12,25,23,10,10,10,9,10,25,10,10,10,11,12,10,10,12,10,25,10,9,12,10,10,10,23,2,2,14,14,15,16,16,16,16,28,4,28,28,28,28,28,28,28,16,16,16,16,16,16,16,16,16,16,16,12,16,10,25,10,26,25,12,10,23,10,12,26,10,10,10,11,12,10,25,11,
10,2,11,10,25,11,10,10,9,10,10,25,10,10,9,10,10,26,10,10,2,21,14,14,13,15,16,16,15,4,4,28,28,27,28,28,16,16,16,16,16,16,16,16,16,16,14,16,11,16,25,12,25,10,26,26,11,25,26,10,10,26,12,26,10,10,10,10,25,9,
10,12,25,26,26,23,23,10,10,26,10,10,25,26,23,26,24,26,14,14,15,12,12,16,16,27,27,30,30,30,27,15,16,16,16,16,16,16,16,16,16,16,16,16,16,16,16,16,16,16,16,15,10,10,11,25,10,10,10,26,12,10,10,10,11,19,10,10,9,10,10,26,26,
2,10,26,10,10,10,10,25,25,25,23,11,23,25,10,10,21,2,21,2,14,16,14,26,28,28,28,30,30,30,30,30,1,16,16,16,16,16,16,16,16,16,16,16,16,16,16,16,15,16,11,10,10,26,10,10,10,10,10,10,23,26,23,11,10,23,10,9,12,23,
10,9,26,10,25,12,12,26,10,10,12,12,10,23,10,9,10,10,10,10,9,2,14,14,14,14,16,21,28,31,31,30,30,30,27,16,16,16,16,16,16,16,16,16,16,16,16,16,16,15,15,25,15,25,11,10,11,10,25,10,11,25,9,10,25,26,
23,10,10,26,2,10,25,9,26,10,2,1,25,11,9,9,25,9,25,2,2,2,14,14,16,16,15,28,28,28,28,28,28,28,16,16,16,16,16,16,16,16,16,16,16,16,16,15,25,15,25,26,12,25,11,25,9,10,11,26,10,1,2,10,10,
10,26,25,12,9,26,25,26,25,10,26,26,26,23,10,10,10,10,11,26,24,2,2,14,2,16,16,16,27,26,28,28,28,28,28,28,28,28,3,16,16,16,16,16,16,16,16,16,16,16,16,15,16,25,25,25,25,26,12,10,10,10,10,26,10,12,26,10,23,11,10,25,11,
23,23,10,10,25,10,10,10,10,25,10,10,10,10,25,26,2,10,2,26,23,25,10,21,21,21,21,16,15,16,16,16,16,28,28,28,28,28,28,28,28,16,16,16,16,16,16,16,16,16,16,16,16,16,15,12,25,25,25,23,10,10,25,25,10,26,11,2,11,12,26,10,10,24,11,
10,23,12,24,26,11,25,10,10,10,26,23,25,11,9,26,25,10,10,10,10,10,10,10,10,21,21,2,26,16,26,30,28,28,28,28,28,28,28,16,16,16,16,16,16,16,16,16,16,16,16,16,15,16,15,15,16,16,25,9,9,10,10,10,10,11,10,25,
10,11,12,10,10,12,12,10,10,10,10,10,12,10,10,12,10,10,10,21,2,16,16,12,16,26,28,28,28,28,28,28,27,26,16,16,16,16,16,16,16,16,16,16,16,16,14,16,15,15,25,15,25,25,10,10,25,23,2,26,11,10,10,
26,10,25,10,10,10,10,25,9,9,9,19,25,21,21,21,14,26,16,16,16,16,16,28,28,28,28,28,28,30,30,16,16,16,16,16,16,16,16,16,16,16,16,16,14,21,24,15,15,9,12,10,25,1,10,10,10,11,10,1,1,10,11,10,10,25,
10,26,10,10,26,26,10,10,11,25,10,10,10,12,25,10,1,21,21,21,14,21,14,14,16,16,16,4,28,28,28,28,28,27,1,16,16,16,16,16,16,16,16,16,14,16,14,21,25,12,15,12,12,10,10,9,10,9,10,10,25,25,26,
25,10,10,10,26,25,10,25,1,25,10,10,26,25,10,10,9,13,13,13,13,13,13,13,13,27,28,28,28,28,28,28,28,28,28,13,13,13,13,13,13,13,13,13,13,13,13,13,14,1,25,10,9,25,10,11,9,11,9,10,25,
10,10,25,10,26,13,25,21,23,10,2,26,1,11,25,25,25,26,25,21,13,25,13,13,13,13,3,3,28,28,28,27,28,27,28,13,15,13,13,15,13,13,15,15,13,13,13,14,16,15,15,23,25,10,9,10,10,10,25,11,11,
10,13,25,21,10,10,13,2,19,10,10,10,25,23,25,11,10,26,26,10,12,10,11,26,13,14,13,13,13,13,13,15,28,28,28,28,28,28,28,28,28,28,13,16,16,14,15,13,13,15,13,14,15,15,13,11,11,25,25,9,11,10,26,23,10,11,26,10,23,12,
