2,10,11,10,25,11,10,9,11,11,10,9,23,10,10,11,14,2,14,13,13,15,25,10,19,3,3,4,3,3,3,3,3,3,3,3,3,3,3,3,3,9,31,25,26,26,26,26,26,26,26,11,25,9,25,10,11,10,11,26,11,25,10,
11,11,11,26,26,11,11,11,10,25,11,10,1,11,23,26,9,11,23,25,11,11,11,14,14,15,15,25,3,3,4,3,3,3,4,1,1,1,3,3,3,3,3,3,3,3,3,3,27,25,3,26,25,26,25,25,1,1,2,12,11,11,1,12,2,10,23,26,25,9,
23,23,25,9,10,10,11,21,26,25,11,10,25,25,12,11,23,13,2,23,13,13,13,14,13,13,13,13,25,27,3,3,3,3,1,25,9,4,3,3,3,3,10,1,26,26,25,19,25,26,26,26,21,21,21,10,10,11,9,9,25,11,10,25,25,11,23,26,25,26,10,25,
1,21,21,21,21,25,25,25,11,10,25,25,10,2,11,12,10,22,11,21,2,14,14,25,25,26,26,3,3,3,4,3,1,1,4,4,4,4,3,25,10,26,25,2,26,26,26,26,26,26,11,21,21,21,11,21,10,11,11,2,11,2,2,2,25,25,
11,11,26,23,1,1,1,1,1,2,10,25,12,11,25,10,13,13,13,13,13,13,3,3,3,3,3,1,25,3,3,3,3,9,25,3,26,25,31,29,29,26,29,26,26,26,25,25,12,24,11,11,11,25,10,10,12,10,26,11,11,24,21,2,12,10,11,10,11,2,11,10,
25,11,11,24,25,10,25,10,11,9,25,10,25,9,11,25,13,13,9,13,13,25,3,3,3,3,3,25,1,3,3,3,9,25,25,25,29,29,29,29,29,29,29,23,23,24,12,25,25,26,10,10,10,25,11,25,10,24,25,23,26,10,25,
15,15,10,10,10,25,25,2,2,9,11,10,25,11,10,13,14,13,13,13,13,13,25,3,3,3,3,3,3,1,3,3,3,9,9,19,19,26,29,29,19,20,24,26,12,24,24,23,10,10,25,25,25,10,26,10,10,23,25,11,25,11,25,9,11,25,12,25,10,25,
11,9,11,25,25,25,10,25,21,12,16,10,10,10,10,10,23,11,1,13,13,13,13,13,13,25,3,3,3,3,3,3,25,25,3,3,9,9,17,31,29,32,31,29,29,26,26,26,24,23,11,26,26,25,25,25,9,9,9,10,1,9,1,1,10,10,
2,24,10,25,10,10,1,10,1,1,10,1,21,25,10,26,25,11,10,25,25,2,2,14,13,13,13,13,13,3,4,4,4,4,3,3,3,4,4,9,9,3,27,30,29,26,26,26,23,19,24,26,24,11,10,21,11,2,25,1,12,11,25,25,10,25,10,9,10,10,
11,25,25,10,12,11,10,25,25,25,25,10,10,11,9,1,11,13,13,14,14,14,14,4,4,4,4,3,3,4,4,4,4,4,4,28,28,28,27,29,26,26,26,23,24,26,23,10,12,11,10,9,25,25,25,26,2,25,10,
11,10,1,9,1,25,25,25,26,10,11,25,10,26,11,25,11,10,11,10,26,21,14,1,14,14,13,14,13,25,3,4,3,3,4,4,3,4,4,5,9,9,3,3,27,27,26,20,29,26,29,23,2,10,25,11,10,10,1,11,11,25,11,25,25,11,11,10,11,25,10,10,10,1,11,11,
10,25,11,10,11,1,9,26,25,25,2,11,12,11,11,25,11,25,11,21,10,14,9,14,14,16,16,16,14,4,4,4,4,3,3,4,4,4,4,4,3,3,26,27,26,20,24,26,26,26,11,24,26,26,24,23,11,25,10,25,28,25,21,11,25,11,10,12,
10,11,10,11,11,9,9,25,2,2,1,26,16,15,25,10,11,10,25,2,1,14,14,14,14,14,14,14,16,4,4,4,4,3,3,6,6,4,4,4,4,4,26,26,31,31,29,23,26,26,26,26,26,23,25,10,26,11,2,2,25,25,25,25,25,
25,25,26,10,10,10,24,10,23,11,25,10,2,26,26,11,10,25,12,23,10,23,11,22,11,15,14,14,14,14,14,14,3,4,4,4,4,4,3,3,4,6,4,4,3,3,28,3,28,29,29,26,26,27,23,23,26,26,23,10,11,11,11,11,11,12,11,26,24,24,10,11,
24,24,26,11,10,11,9,11,25,11,11,10,1,11,25,26,2,12,16,10,10,21,2,10,10,25,13,14,14,14,14,14,15,4,3,4,4,4,4,4,4,4,4,4,4,3,27,31,26,3,29,26,26,26,26,26,26,12,25,11,10,25,10,11,12,11,11,10,11,10,11,12,26,12,12,12,11,11,2,12,2,
25,24,11,23,23,11,2,2,2,23,11,25,10,26,12,11,11,23,10,1,11,21,25,26,11,12,10,23,11,14,14,14,14,14,16,3,4,4,4,3,3,4,4,4,4,4,4,4,27,3,3,28,28,26,26,29,26,2,23,23,24,25,25,23,26,12,25,25,26,24,26,9,25,10,10,25,26,9,26,26,25,11,11,
15,14,12,10,26,25,23,10,23,26,10,21,11,10,10,11,2,23,14,16,16,14,14,14,21,4,4,4,4,3,4,4,4,4,4,4,3,26,26,27,31,26,29,26,29,26,26,23,23,23,23,19,11,23,26,10,11,10,23,26,23,23,23,11,11,11,25,11,11,11,
25,26,11,11,21,2,1,1,25,11,11,10,10,26,10,12,12,2,14,14,14,14,14,16,3,3,4,4,4,4,4,4,4,4,4,4,4,3,21,27,28,26,26,26,23,20,26,23,23,25,9,11,26,2,26,10,2,23,23,26,25,23,24,10,2,11,
25,26,25,2,12,11,2,25,26,10,11,25,25,11,11,10,14,14,14,14,14,14,21,4,4,4,4,3,25,4,4,4,4,4,4,4,3,26,26,26,23,26,26,26,26,23,23,10,11,26,11,2,
11,11,10,10,10,11,25,10,11,10,25,10,10,12,11,10,10,10,25,26,11,10,27,27,14,14,14,14,14,4,4,4,4,4,4,4,4,4,4,4,3,3,3,26,26,29,28,26,29,24,24,12,23,12,23,10,11,11,26,11,23,11,25,12,25,10,24,11,11,11,
