9,12,26,26,11,25,11,24,11,25,2,26,23,25,10,26,10,10,11,26,31,31,31,31,31,31,31,31,31,31,31,32,31,31,31,31,31,31,31,21,21,21,21,21,21,21,21,11,9,11,9,25,9,11,10,10,25,25,25,10,25,11,
11,25,25,11,25,11,9,10,9,12,25,2,2,2,9,1,25,25,10,26,26,32,32,32,31,32,32,32,32,31,32,32,32,32,32,32,32,32,31,29,21,21,21,21,1,1,1,1,11,1,10,11,10,26,
10,2,10,10,25,10,23,10,25,25,2,26,1,25,25,12,26,26,26,32,32,32,32,32,32,32,32,32,32,32,32,32,32,32,29,29,22,16,21,21,3,3,25,11,21,11,25,25,2,2,25,2,25,10,15,11,11,26,10,12,
1,25,10,10,10,26,25,10,25,10,25,25,1,11,1,25,26,32,30,30,31,30,32,32,32,32,29,29,29,29,29,29,29,23,21,21,27,25,21,1,21,21,21,11,10,11,22,22,
10,10,10,26,25,11,10,11,11,10,9,32,32,32,32,32,32,32,32,32,32,31,32,32,32,29,31,25,26,25,21,26,21,16,14,16,21,21,11,26,11,11,11,25,9,26,25,11,25,25,
2,2,25,25,25,10,10,25,25,10,25,10,32,28,31,31,31,31,31,31,31,32,32,29,29,29,29,29,29,26,11,22,21,26,21,21,21,11,2,11,26,
2,2,11,11,9,25,25,10,25,25,25,9,10,1,10,19,19,12,1,10,11,1,10,25,25,32,32,31,32,32,31,31,32,32,31,32,32,32,29,31,29,23,15,21,27,21,11,1,1,11,11,25,1,26,25,10,26,25,25,
10,25,25,25,11,25,10,26,11,25,25,15,12,25,11,10,32,32,32,32,32,32,32,32,32,32,32,29,29,29,29,12,23,26,29,26,26,26,26,25,26,11,1,11,11,1,11,10,11,10,
25,25,1,10,1,10,11,11,10,2,25,10,25,25,10,32,32,32,32,32,32,32,32,32,32,32,29,32,32,31,29,26,29,30,26,25,10,10,25,10,1,26,10,1,
25,25,10,11,26,2,2,9,10,25,10,26,25,25,2,32,32,32,32,32,32,31,32,32,32,32,32,32,32,29,29,23,26,15,27,27,21,26,11,26,26,25,25,10,25,9,25,21,
10,10,10,26,2,2,26,10,25,25,25,11,25,10,26,10,25,9,10,26,26,25,32,32,32,32,32,32,32,32,32,32,32,32,32,29,29,29,29,26,27,26,26,26,1,25,26,25,25,11,25,25,26,9,
11,11,25,25,25,10,25,26,25,25,25,25,26,10,25,11,32,32,32,32,32,32,32,32,32,32,32,32,32,32,32,31,15,21,2,26,1,11,11,11,11,26,21,26,12,10,10,26,10,10,
10,25,9,25,25,10,11,25,1,10,26,11,25,10,9,10,26,32,32,32,32,32,32,32,32,32,32,29,29,29,32,29,12,23,22,22,22,22,11,11,25,11,25,25,10,25,26,
25,25,9,25,25,25,25,1,10,26,10,25,11,10,25,23,12,25,25,26,32,32,32,32,32,32,32,32,32,32,32,29,29,29,29,29,23,27,22,26,21,21,26,26,25,25,26,25,25,25,10,25,25,25,
10,11,25,10,11,26,1,1,2,25,26,26,26,25,25,25,32,32,32,30,30,30,30,30,32,32,32,29,29,29,29,29,29,10,2,26,26,26,21,26,11,11,25,11,10,1,11,11,25,25,25,26,10,10,
25,25,25,26,1,10,25,2,10,26,25,25,12,25,25,32,32,32,32,32,32,32,32,32,32,29,29,29,29,29,23,23,22,21,21,21,21,27,21,26,11,26,1,11,2,10,10,26,25,11,10,26,26,26,23,26,
10,25,24,26,11,26,11,11,25,25,26,25,10,26,25,2,9,11,11,25,26,25,25,11,26,26,11,1,32,32,32,32,32,32,32,32,32,31,32,29,29,29,29,29,20,31,26,11,22,22,11,22,22,22,22,22,22,22,22,22,22,22,22,22,22,22,
22,22,21,22,10,22,22,9,22,22,11,22,22,11,22,11,22,11,22,11,21,32,32,31,31,31,31,32,32,32,32,32,32,32,29,29,12,21,15,21,21,26,11,11,22,10,11,22,22,10,10,11,11,
11,10,23,25,26,26,11,25,25,26,25,10,11,11,10,1,1,10,25,11,32,32,32,32,32,31,32,32,32,32,32,32,32,29,29,29,29,27,27,21,26,11,1,26,11,11,11,11,9,25,10,12,10,25,26,10,24,25,11,
10,11,23,25,12,25,10,25,25,2,11,11,1,1,11,11,25,9,12,26,25,26,23,10,26,25,10,32,32,31,31,32,31,32,32,32,32,32,32,32,31,29,29,25,27,21,27,27,27,1,26,26,10,23,25,9,9,9,11,
