10,25,25,25,10,26,26,25,10,11,26,1,26,25,25,9,11,11,21,2,2,10,23,23,11,23,20,23,26,6,6,6,6,6,6,6,3,31,28,28,31,31,31,27,29,29,29,29,23,23,26,12,23,26,11,26,11,25,26,26,23,12,10,12,23,23,11,10,9,25,26,9,
9,25,25,10,25,26,26,26,12,25,10,26,26,24,26,25,25,26,10,25,23,25,25,9,11,12,19,27,21,19,1,6,5,5,6,6,5,3,27,31,31,31,31,2,31,26,20,20,24,24,23,23,23,26,26,9,25,26,10,26,25,26,10,26,10,25,25,24,10,11,10,25,25,25,10,10,
25,25,25,26,25,26,15,25,11,9,1,10,25,25,25,25,26,24,25,24,20,20,20,19,6,6,6,6,5,6,6,3,28,28,27,31,29,27,29,29,29,29,29,24,2,26,26,23,25,26,26,26,26,26,10,26,11,11,11,2,23,23,
25,26,23,25,26,25,23,23,11,23,26,23,26,26,26,2,26,29,15,26,11,26,15,15,11,23,19,20,23,23,21,6,6,6,6,6,6,4,3,31,31,31,29,29,19,19,29,29,29,24,11,23,23,26,25,26,25,9,26,25,26,26,25,26,25,26,26,10,10,11,25,26,
9,25,26,10,11,10,25,23,26,26,25,26,12,23,23,23,23,11,6,6,5,6,6,6,6,3,31,31,31,31,31,19,27,29,19,20,23,23,26,23,11,24,23,11,26,11,2,24,2,26,26,
11,26,10,2,26,26,26,26,26,26,15,12,23,26,23,25,2,25,11,11,20,23,23,11,6,6,6,6,6,6,6,3,3,28,31,31,31,29,20,29,27,29,29,26,24,26,26,23,26,25,15,11,25,10,15,25,23,26,
23,23,25,26,26,26,25,26,26,25,26,26,2,1,25,26,25,25,26,1,26,11,25,26,26,25,25,2,2,23,23,23,11,11,1,6,6,6,6,6,6,4,28,28,31,31,31,31,27,29,29,29,15,23,11,11,25,26,26,2,25,2,25,15,25,25,11,26,26,25,26,26,26,25,26,26,25,26,25,
1,25,26,10,26,25,23,25,26,9,9,2,26,25,23,25,25,25,9,26,25,25,25,23,20,21,23,23,23,21,6,6,6,6,6,6,6,4,3,3,28,28,31,31,31,31,29,29,27,20,27,25,25,26,11,11,24,23,11,26,21,21,23,26,26,10,23,26,26,26,
10,12,10,10,12,10,10,25,23,10,21,1,2,2,10,25,2,26,26,26,12,11,20,20,23,23,11,21,1,5,5,6,6,6,5,3,3,27,31,31,31,31,29,29,19,29,20,19,29,24,23,26,10,11,26,26,26,10,11,21,2,25,26,15,25,15,25,
21,21,11,1,1,25,25,10,25,12,12,26,10,25,12,26,10,26,10,11,25,26,26,21,27,27,3,21,6,6,5,5,5,5,3,3,28,31,31,31,31,30,25,29,29,26,12,23,26,24,2,23,26,26,23,25,25,10,26,19,23,25,23,
12,21,10,10,10,10,23,23,9,9,10,10,26,26,23,11,26,26,23,11,11,23,10,23,23,21,6,5,5,5,5,5,3,28,31,31,31,31,31,29,23,29,20,19,20,15,15,15,15,15,15,15,15,25,25,26,25,2,9,9,
10,25,25,26,25,10,26,12,26,12,31,10,23,23,31,23,25,12,12,2,25,19,9,9,10,10,2,25,23,20,23,23,10,6,5,5,5,5,5,3,3,3,27,31,31,31,31,32,27,29,29,30,29,29,23,26,23,23,23,11,11,9,11,9,9,25,11,10,26,10,25,25,10,10,11,25,26,10,25,
26,15,11,25,25,26,25,26,10,25,25,25,2,26,10,2,25,25,25,25,10,25,23,23,23,23,1,5,5,5,5,5,5,25,27,31,32,32,31,29,32,23,19,20,29,15,26,24,26,2,26,11,10,26,10,10,26,26,25,26,26,25,26,26,25,26,26,26,2,25,26,26,11,11,
26,21,25,11,25,10,9,26,25,26,26,11,26,25,25,25,25,1,26,25,25,25,25,26,25,25,24,10,26,15,29,20,29,27,13,5,5,5,5,6,5,3,31,31,31,31,31,31,29,20,19,19,15,11,11,11,21,23,11,11,23,23,26,24,11,26,26,1,2,11,26,26,24,26,11,26,26,26,25,
25,25,25,25,26,12,10,26,11,23,11,10,26,26,10,23,25,11,11,9,23,20,20,11,1,5,5,5,5,5,3,3,31,32,31,31,31,29,29,29,29,29,19,26,11,26,23,26,10,26,25,26,25,26,26,25,25,2,25,26,26,10,25,25,10,25,25,25,25,25,25,26,
26,9,25,25,25,2,11,25,25,25,1,11,10,10,21,1,10,11,26,11,10,25,26,26,20,23,20,29,21,21,6,6,5,5,5,5,3,27,27,31,31,31,29,29,29,29,29,29,26,23,23,11,21,11,10,10,25,25,11,26,10,25,11,26,26,11,2,
10,25,25,25,25,21,26,25,10,25,25,1,11,10,9,26,26,26,26,10,10,26,11,26,2,23,23,20,25,5,5,5,5,5,3,3,3,31,31,31,31,31,31,31,20,29,29,23,23,23,23,10,26,25,25,25,25,25,25,25,25,10,25,1,2,2,26,25,26,25,10,25,25,10,26,10,25,25,
21,25,25,1,25,26,26,10,25,25,25,10,2,25,26,25,10,26,26,25,25,25,25,32,25,10,23,23,29,29,25,3,5,5,5,5,6,3,3,27,31,31,31,31,29,29,20,29,29,23,26,26,23,10,25,11,26,11,25,10,26,10,10,10,26,25,11,25,26,25,
25,26,25,25,1,26,11,26,26,26,23,24,10,10,26,26,25,26,26,26,11,11,26,26,26,26,26,26,25,26,12,10,25,19,20,20,29,21,8,5,5,5,5,5,3,31,31,31,31,31,29,29,29,29,29,29,23,29,26,26,25,10,25,26,23,23,25,25,25,10,10,25,10,23,25,25,25,11,11,25,11,11,25,11,25,25,25,25,26,25,11,25,
25,1,25,10,25,26,26,26,11,26,25,10,26,11,25,25,25,11,25,26,26,25,16,19,20,19,19,21,5,6,5,5,5,5,3,31,31,31,31,31,31,29,29,29,29,26,15,23,26,26,26,10,25,26,23,25,25,26,12,10,26,23,26,26,26,25,26,25,26,26,26,10,26,25,25,26,
